P2: 1042.6311 0.000000 956.52848 0.000000 0.000000 1041.80847 632.79006 0.000000 0.000000 0.000000 1.000000 0.000000
R0_rect: 1.000000 0.000000 0.000000 0.000000 1.000000 0.000000 0.000000 0.000000 1.000000
Tr_velo_to_cam: 7.027555e-03 -9.999708e-01 -2.599616e-03 1.100000e-01 3.857980e-03 2.694125e-03 9.999891e-01 0.000000e+00 -9.999728e-01 -7.024869e-03 3.867117e-03 0.000000e+00

