image_width: 1920
image_height: 1200
camera_name: narrow_stereo
camera_matrix:
  rows: 3
  cols: 3
  data: [ 1021.90000,     0.00000,     0.00000,
             0.00000,  1024.00000,     0.00000,
           686.50808,   351.95404,     1.00000 ]
camera_model: plumb_bob
distortion_coefficients:
  rows: 1
  cols: 5
  data: [ 0.125668, -0.313243,  0.000000,  0.000000,  0.000000 ]
rectification_matrix:
  rows: 3
  cols: 3
  data: [ -0.0043,  0.9634,  -0.2680,
           -0.9802,  -0.0571,  -0.1895,
           -0.1979,  0.2619,  0.9446 ]
projection_matrix:
  rows: 3
  cols: 4
  data: [ -4.39417,  984.49846, -273.8692,  -299.92765,
         -1003.7248, -58.4704,  -194.048,    -15.6672,
          -348.13523475, 641.54720859, -249.73485602, -205.53841829 ]

